1,46,46,0.0
1,46,12,8.5230761475
1,46,1,7.05361
1,46,9,9.5230761475
1,46,49,34.32837
1,46,26,4.37007
1,46,6,7.0230761475
1,46,57,999
1,46,37,6.9411385
1,46,22,999
1,46,44,999
1,46,25,5.37007
1,46,42,5.87007
1,46,30,11.20388
1,46,23,999
1,46,21,5.80245
1,46,50,999
1,46,14,7.61356
1,46,38,6.87007
1,46,32,12.20388
1,46,51,7.36463
1,46,24,27.5142761475
1,46,39,999
1,46,40,7.11751
1,46,55,16.048413
1,46,54,6.47948
1,46,41,17.01624
1,46,20,999
1,46,3,999
1,46,43,999
1,46,13,999
1,46,29,999
1,46,16,6.36463
1,46,28,999
1,46,47,0.114973
1,46,35,999
1,46,56,15.85303
1,46,18,10.80889
1,46,33,999
1,46,27,999
1,46,10,7.9539511475
1,12,46,8.5230761475
1,12,12,0.0
1,12,1,4.44005
1,12,9,1.0
1,12,49,39.94193
1,12,26,9.98363
1,12,6,1.5
1,12,57,999
1,12,37,11.5546985
1,12,22,999
1,12,44,999
1,12,25,8.98363
1,12,42,11.48363
1,12,30,15.81744
1,12,23,999
1,12,21,13.41601
1,12,50,999
1,12,14,1.0
1,12,38,11.48363
1,12,32,16.81744
1,12,51,12.97819
1,12,24,21.9912
1,12,39,999
1,12,40,10.73107
1,12,55,8.434853
1,12,54,12.09304
1,12,41,9.40268
1,12,20,999
1,12,3,999
1,12,43,999
1,12,13,999
1,12,29,999
1,12,16,11.97819
1,12,28,999
1,12,47,8.6380491475
1,12,35,999
1,12,56,8.23947
1,12,18,18.42245
1,12,33,999
1,12,27,999
1,12,10,2.430875
1,1,46,7.05361
1,1,12,4.44005
1,1,1,0.0
1,1,9,5.44005
1,1,49,41.38198
1,1,26,11.42368
1,1,6,2.94005
1,1,57,999
1,1,37,13.9947485
1,1,22,999
1,1,44,999
1,1,25,12.42368
1,1,42,12.92368
1,1,30,18.25749
1,1,23,999
1,1,21,12.85606
1,1,50,999
1,1,14,5.44005
1,1,38,13.92368
1,1,32,19.25749
1,1,51,14.41824
1,1,24,23.43125
1,1,39,999
1,1,40,14.17112
1,1,55,12.874903
1,1,54,13.53309
1,1,41,13.84273
1,1,20,999
1,1,3,999
1,1,43,999
1,1,13,999
1,1,29,999
1,1,16,13.41824
1,1,28,999
1,1,47,7.168583
1,1,35,999
1,1,56,12.67952
1,1,18,17.8625
1,1,33,999
1,1,27,999
1,1,10,3.870925
1,9,46,9.5230761475
1,9,12,1.0
1,9,1,5.44005
1,9,9,0.0
1,9,49,40.94193
1,9,26,10.98363
1,9,6,2.5
1,9,57,999
1,9,37,12.5546985
1,9,22,999
1,9,44,999
1,9,25,9.98363
1,9,42,12.48363
1,9,30,16.81744
1,9,23,999
1,9,21,14.41601
1,9,50,999
1,9,14,2.0
1,9,38,12.48363
1,9,32,17.81744
1,9,51,13.97819
1,9,24,22.9912
1,9,39,999
1,9,40,11.73107
1,9,55,9.434853
1,9,54,13.09304
1,9,41,10.40268
1,9,20,999
1,9,3,999
1,9,43,999
1,9,13,999
1,9,29,999
1,9,16,12.97819
1,9,28,999
1,9,47,9.6380491475
1,9,35,999
1,9,56,9.23947
1,9,18,19.42245
1,9,33,999
1,9,27,999
1,9,10,3.430875
1,49,46,34.32837
1,49,12,39.94193
1,49,1,41.38198
1,49,9,40.94193
1,49,49,0.0
1,49,26,29.9583
1,49,6,41.3514461475
1,49,57,999
1,49,37,29.5293685
1,49,22,999
1,49,44,999
1,49,25,30.9583
1,49,42,28.4583
1,49,30,33.79211
1,49,23,999
1,49,21,32.39068
1,49,50,999
1,49,14,38.94193
1,49,38,29.4583
1,49,32,34.79211
1,49,51,29.95286
1,49,24,61.8426461475
1,49,39,999
1,49,40,32.70574
1,49,55,47.376783
1,49,54,29.06771
1,49,41,48.34461
1,49,20,999
1,49,3,999
1,49,43,999
1,49,13,999
1,49,29,999
1,49,16,28.95286
1,49,28,999
1,49,47,34.443343
1,49,35,999
1,49,56,47.1814
1,49,18,36.39712
1,49,33,999
1,49,27,999
1,49,10,42.2823211475
1,26,46,4.37007
1,26,12,9.98363
1,26,1,11.42368
1,26,9,10.98363
1,26,49,29.9583
1,26,26,0.0
1,26,6,11.3931461475
1,26,57,999
1,26,37,2.5710685
1,26,22,999
1,26,44,999
1,26,25,1.0
1,26,42,1.5
1,26,30,6.83381
1,26,23,999
1,26,21,3.43238
1,26,50,999
1,26,14,8.98363
1,26,38,2.5
1,26,32,7.83381
1,26,51,2.99456
1,26,24,31.8843461475
1,26,39,999
1,26,40,2.74744
1,26,55,17.418483
1,26,54,2.10941
1,26,41,18.38631
1,26,20,999
1,26,3,999
1,26,43,999
1,26,13,999
1,26,29,999
1,26,16,1.99456
1,26,28,999
1,26,47,4.485043
1,26,35,999
1,26,56,17.2231
1,26,18,8.43882
1,26,33,999
1,26,27,999
1,26,10,12.3240211475
1,6,46,7.0230761475
1,6,12,1.5
1,6,1,2.94005
1,6,9,2.5
1,6,49,41.3514461475
1,6,26,11.3931461475
1,6,6,0.0
1,6,57,999
1,6,37,13.0546985
1,6,22,999
1,6,44,999
1,6,25,10.48363
1,6,42,12.8931461475
1,6,30,17.31744
1,6,23,999
1,6,21,12.8255261475
1,6,50,999
1,6,14,2.5
1,6,38,12.98363
1,6,32,18.31744
1,6,51,14.3877061475
1,6,24,20.4912
1,6,39,999
1,6,40,12.23107
1,6,55,9.934853
1,6,54,13.5025561475
1,6,41,10.90268
1,6,20,999
1,6,3,999
1,6,43,999
1,6,13,999
1,6,29,999
1,6,16,13.3877061475
1,6,28,999
1,6,47,7.1380491475
1,6,35,999
1,6,56,9.73947
1,6,18,17.8319661475
1,6,33,999
1,6,27,999
1,6,10,0.930875
1,57,46,999
1,57,12,999
1,57,1,999
1,57,9,999
1,57,49,999
1,57,26,999
1,57,6,999
1,57,57,0.0
1,57,37,999
1,57,22,999
1,57,44,999
1,57,25,999
1,57,42,999
1,57,30,999
1,57,23,999
1,57,21,999
1,57,50,999
1,57,14,999
1,57,38,999
1,57,32,999
1,57,51,999
1,57,24,999
1,57,39,999
1,57,40,999
1,57,55,999
1,57,54,999
1,57,41,999
1,57,20,999
1,57,3,999
1,57,43,999
1,57,13,999
1,57,29,999
1,57,16,999
1,57,28,999
1,57,47,999
1,57,35,999
1,57,56,999
1,57,18,999
1,57,33,999
1,57,27,999
1,57,10,999
1,37,46,6.9411385
1,37,12,11.5546985
1,37,1,13.9947485
1,37,9,12.5546985
1,37,49,29.5293685
1,37,26,2.5710685
1,37,6,13.0546985
1,37,57,999
1,37,37,0.0
1,37,22,999
1,37,44,999
1,37,25,2.5710685
1,37,42,1.0710685
1,37,30,4.4048785
1,37,23,999
1,37,21,5.0034485
1,37,50,999
1,37,14,10.5546985
1,37,38,0.0710685
1,37,32,5.4048785
1,37,51,2.5656285
1,37,24,33.5458985
1,37,39,999
1,37,40,3.3185085
1,37,55,18.9895515
1,37,54,1.6804785
1,37,41,19.9573785
1,37,20,999
1,37,3,999
1,37,43,999
1,37,13,999
1,37,29,999
1,37,16,1.5656285
1,37,28,999
1,37,47,7.0561115
1,37,35,999
1,37,56,18.7941685
1,37,18,9.0098885
1,37,33,999
1,37,27,999
1,37,10,13.9855735
1,22,46,999
1,22,12,999
1,22,1,999
1,22,9,999
1,22,49,999
1,22,26,999
1,22,6,999
1,22,57,999
1,22,37,999
1,22,22,0.0
1,22,44,999
1,22,25,999
1,22,42,999
1,22,30,999
1,22,23,999
1,22,21,999
1,22,50,999
1,22,14,999
1,22,38,999
1,22,32,999
1,22,51,999
1,22,24,999
1,22,39,999
1,22,40,999
1,22,55,999
1,22,54,999
1,22,41,999
1,22,20,999
1,22,3,999
1,22,43,999
1,22,13,999
1,22,29,999
1,22,16,999
1,22,28,999
1,22,47,999
1,22,35,999
1,22,56,999
1,22,18,999
1,22,33,999
1,22,27,999
1,22,10,999
1,44,46,999
1,44,12,999
1,44,1,999
1,44,9,999
1,44,49,999
1,44,26,999
1,44,6,999
1,44,57,999
1,44,37,999
1,44,22,999
1,44,44,0.0
1,44,25,999
1,44,42,999
1,44,30,999
1,44,23,999
1,44,21,999
1,44,50,999
1,44,14,999
1,44,38,999
1,44,32,999
1,44,51,999
1,44,24,999
1,44,39,999
1,44,40,999
1,44,55,999
1,44,54,999
1,44,41,999
1,44,20,999
1,44,3,999
1,44,43,999
1,44,13,999
1,44,29,999
1,44,16,999
1,44,28,999
1,44,47,999
1,44,35,999
1,44,56,999
1,44,18,999
1,44,33,999
1,44,27,999
1,44,10,999
1,25,46,5.37007
1,25,12,8.98363
1,25,1,12.42368
1,25,9,9.98363
1,25,49,30.9583
1,25,26,1.0
1,25,6,10.48363
1,25,57,999
1,25,37,2.5710685
1,25,22,999
1,25,44,999
1,25,25,0.0
1,25,42,2.5
1,25,30,6.83381
1,25,23,999
1,25,21,4.43238
1,25,50,999
1,25,14,7.98363
1,25,38,2.5
1,25,32,7.83381
1,25,51,3.99456
1,25,24,30.97483
1,25,39,999
1,25,40,1.74744
1,25,55,16.418483
1,25,54,3.10941
1,25,41,17.38631
1,25,20,999
1,25,3,999
1,25,43,999
1,25,13,999
1,25,29,999
1,25,16,2.99456
1,25,28,999
1,25,47,5.485043
1,25,35,999
1,25,56,16.2231
1,25,18,9.43882
1,25,33,999
1,25,27,999
1,25,10,11.414505
1,42,46,5.87007
1,42,12,11.48363
1,42,1,12.92368
1,42,9,12.48363
1,42,49,28.4583
1,42,26,1.5
1,42,6,12.8931461475
1,42,57,999
1,42,37,1.0710685
1,42,22,999
1,42,44,999
1,42,25,2.5
1,42,42,0.0
1,42,30,5.33381
1,42,23,999
1,42,21,3.93238
1,42,50,999
1,42,14,10.48363
1,42,38,1.0
1,42,32,6.33381
1,42,51,1.49456
1,42,24,33.3843461475
1,42,39,999
1,42,40,4.24744
1,42,55,18.918483
1,42,54,0.60941
1,42,41,19.88631
1,42,20,999
1,42,3,999
1,42,43,999
1,42,13,999
1,42,29,999
1,42,16,0.49456
1,42,28,999
1,42,47,5.985043
1,42,35,999
1,42,56,18.7231
1,42,18,7.93882
1,42,33,999
1,42,27,999
1,42,10,13.8240211475
1,30,46,11.20388
1,30,12,15.81744
1,30,1,18.25749
1,30,9,16.81744
1,30,49,33.79211
1,30,26,6.83381
1,30,6,17.31744
1,30,57,999
1,30,37,4.4048785
1,30,22,999
1,30,44,999
1,30,25,6.83381
1,30,42,5.33381
1,30,30,0.0
1,30,23,999
1,30,21,9.26619
1,30,50,999
1,30,14,14.81744
1,30,38,4.33381
1,30,32,1.0
1,30,51,6.82837
1,30,24,37.80864
1,30,39,999
1,30,40,7.58125
1,30,55,23.252293
1,30,54,5.94322
1,30,41,24.22012
1,30,20,999
1,30,3,999
1,30,43,999
1,30,13,999
1,30,29,999
1,30,16,5.82837
1,30,28,999
1,30,47,11.318853
1,30,35,999
1,30,56,23.05691
1,30,18,13.27263
1,30,33,999
1,30,27,999
1,30,10,18.248315
1,23,46,999
1,23,12,999
1,23,1,999
1,23,9,999
1,23,49,999
1,23,26,999
1,23,6,999
1,23,57,999
1,23,37,999
1,23,22,999
1,23,44,999
1,23,25,999
1,23,42,999
1,23,30,999
1,23,23,0.0
1,23,21,999
1,23,50,999
1,23,14,999
1,23,38,999
1,23,32,999
1,23,51,999
1,23,24,999
1,23,39,999
1,23,40,999
1,23,55,999
1,23,54,999
1,23,41,999
1,23,20,999
1,23,3,999
1,23,43,999
1,23,13,999
1,23,29,999
1,23,16,999
1,23,28,999
1,23,47,999
1,23,35,999
1,23,56,999
1,23,18,999
1,23,33,999
1,23,27,999
1,23,10,999
1,21,46,5.80245
1,21,12,13.41601
1,21,1,12.85606
1,21,9,14.41601
1,21,49,32.39068
1,21,26,3.43238
1,21,6,12.8255261475
1,21,57,999
1,21,37,5.0034485
1,21,22,999
1,21,44,999
1,21,25,4.43238
1,21,42,3.93238
1,21,30,9.26619
1,21,23,999
1,21,21,0.0
1,21,50,999
1,21,14,12.41601
1,21,38,4.93238
1,21,32,10.26619
1,21,51,4.43782
1,21,24,33.3167261475
1,21,39,999
1,21,40,6.17982
1,21,55,20.850863
1,21,54,3.55267
1,21,41,21.81869
1,21,20,999
1,21,3,999
1,21,43,999
1,21,13,999
1,21,29,999
1,21,16,3.43782
1,21,28,999
1,21,47,5.917423
1,21,35,999
1,21,56,20.65548
1,21,18,5.00644
1,21,33,999
1,21,27,999
1,21,10,13.7564011475
1,50,46,999
1,50,12,999
1,50,1,999
1,50,9,999
1,50,49,999
1,50,26,999
1,50,6,999
1,50,57,999
1,50,37,999
1,50,22,999
1,50,44,999
1,50,25,999
1,50,42,999
1,50,30,999
1,50,23,999
1,50,21,999
1,50,50,0.0
1,50,14,999
1,50,38,999
1,50,32,999
1,50,51,999
1,50,24,999
1,50,39,999
1,50,40,999
1,50,55,999
1,50,54,999
1,50,41,999
1,50,20,999
1,50,3,999
1,50,43,999
1,50,13,999
1,50,29,999
1,50,16,999
1,50,28,999
1,50,47,999
1,50,35,999
1,50,56,999
1,50,18,999
1,50,33,999
1,50,27,999
1,50,10,999
1,14,46,7.61356
1,14,12,1.0
1,14,1,5.44005
1,14,9,2.0
1,14,49,38.94193
1,14,26,8.98363
1,14,6,2.5
1,14,57,999
1,14,37,10.5546985
1,14,22,999
1,14,44,999
1,14,25,7.98363
1,14,42,10.48363
1,14,30,14.81744
1,14,23,999
1,14,21,12.41601
1,14,50,999
1,14,14,0.0
1,14,38,10.48363
1,14,32,15.81744
1,14,51,11.97819
1,14,24,22.9912
1,14,39,999
1,14,40,9.73107
1,14,55,8.434853
1,14,54,11.09304
1,14,41,9.40268
1,14,20,999
1,14,3,999
1,14,43,999
1,14,13,999
1,14,29,999
1,14,16,10.97819
1,14,28,999
1,14,47,7.728533
1,14,35,999
1,14,56,8.23947
1,14,18,17.42245
1,14,33,999
1,14,27,999
1,14,10,3.430875
1,38,46,6.87007
1,38,12,11.48363
1,38,1,13.92368
1,38,9,12.48363
1,38,49,29.4583
1,38,26,2.5
1,38,6,12.98363
1,38,57,999
1,38,37,0.0710685
1,38,22,999
1,38,44,999
1,38,25,2.5
1,38,42,1.0
1,38,30,4.33381
1,38,23,999
1,38,21,4.93238
1,38,50,999
1,38,14,10.48363
1,38,38,0.0
1,38,32,5.33381
1,38,51,2.49456
1,38,24,33.47483
1,38,39,999
1,38,40,3.24744
1,38,55,18.918483
1,38,54,1.60941
1,38,41,19.88631
1,38,20,999
1,38,3,999
1,38,43,999
1,38,13,999
1,38,29,999
1,38,16,1.49456
1,38,28,999
1,38,47,6.985043
1,38,35,999
1,38,56,18.7231
1,38,18,8.93882
1,38,33,999
1,38,27,999
1,38,10,13.914505
1,32,46,12.20388
1,32,12,16.81744
1,32,1,19.25749
1,32,9,17.81744
1,32,49,34.79211
1,32,26,7.83381
1,32,6,18.31744
1,32,57,999
1,32,37,5.4048785
1,32,22,999
1,32,44,999
1,32,25,7.83381
1,32,42,6.33381
1,32,30,1.0
1,32,23,999
1,32,21,10.26619
1,32,50,999
1,32,14,15.81744
1,32,38,5.33381
1,32,32,0.0
1,32,51,7.82837
1,32,24,38.80864
1,32,39,999
1,32,40,8.58125
1,32,55,24.252293
1,32,54,6.94322
1,32,41,25.22012
1,32,20,999
1,32,3,999
1,32,43,999
1,32,13,999
1,32,29,999
1,32,16,6.82837
1,32,28,999
1,32,47,12.318853
1,32,35,999
1,32,56,24.05691
1,32,18,14.27263
1,32,33,999
1,32,27,999
1,32,10,19.248315
1,51,46,7.36463
1,51,12,12.97819
1,51,1,14.41824
1,51,9,13.97819
1,51,49,29.95286
1,51,26,2.99456
1,51,6,14.3877061475
1,51,57,999
1,51,37,2.5656285
1,51,22,999
1,51,44,999
1,51,25,3.99456
1,51,42,1.49456
1,51,30,6.82837
1,51,23,999
1,51,21,4.43782
1,51,50,999
1,51,14,11.97819
1,51,38,2.49456
1,51,32,7.82837
1,51,51,0.0
1,51,24,34.8789061475
1,51,39,999
1,51,40,5.742
1,51,55,20.413043
1,51,54,1.11485
1,51,41,21.38087
1,51,20,999
1,51,3,999
1,51,43,999
1,51,13,999
1,51,29,999
1,51,16,1.0
1,51,28,999
1,51,47,7.479603
1,51,35,999
1,51,56,20.21766
1,51,18,8.44426
1,51,33,999
1,51,27,999
1,51,10,15.3185811475
1,24,46,27.5142761475
1,24,12,21.9912
1,24,1,23.43125
1,24,9,22.9912
1,24,49,61.8426461475
1,24,26,31.8843461475
1,24,6,20.4912
1,24,57,999
1,24,37,33.5458985
1,24,22,999
1,24,44,999
1,24,25,30.97483
1,24,42,33.3843461475
1,24,30,37.80864
1,24,23,999
1,24,21,33.3167261475
1,24,50,999
1,24,14,22.9912
1,24,38,33.47483
1,24,32,38.80864
1,24,51,34.8789061475
1,24,24,0.0
1,24,39,999
1,24,40,32.72227
1,24,55,30.426053
1,24,54,33.9937561475
1,24,41,31.39388
1,24,20,999
1,24,3,999
1,24,43,999
1,24,13,999
1,24,29,999
1,24,16,33.8789061475
1,24,28,999
1,24,47,27.6292491475
1,24,35,999
1,24,56,30.23067
1,24,18,38.3231661475
1,24,33,999
1,24,27,999
1,24,10,21.422075
1,39,46,999
1,39,12,999
1,39,1,999
1,39,9,999
1,39,49,999
1,39,26,999
1,39,6,999
1,39,57,999
1,39,37,999
1,39,22,999
1,39,44,999
1,39,25,999
1,39,42,999
1,39,30,999
1,39,23,999
1,39,21,999
1,39,50,999
1,39,14,999
1,39,38,999
1,39,32,999
1,39,51,999
1,39,24,999
1,39,39,0.0
1,39,40,999
1,39,55,999
1,39,54,999
1,39,41,999
1,39,20,999
1,39,3,999
1,39,43,999
1,39,13,999
1,39,29,999
1,39,16,999
1,39,28,999
1,39,47,999
1,39,35,999
1,39,56,999
1,39,18,999
1,39,33,999
1,39,27,999
1,39,10,999
1,40,46,7.11751
1,40,12,10.73107
1,40,1,14.17112
1,40,9,11.73107
1,40,49,32.70574
1,40,26,2.74744
1,40,6,12.23107
1,40,57,999
1,40,37,3.3185085
1,40,22,999
1,40,44,999
1,40,25,1.74744
1,40,42,4.24744
1,40,30,7.58125
1,40,23,999
1,40,21,6.17982
1,40,50,999
1,40,14,9.73107
1,40,38,3.24744
1,40,32,8.58125
1,40,51,5.742
1,40,24,32.72227
1,40,39,999
1,40,40,0.0
1,40,55,18.165923
1,40,54,4.85685
1,40,41,19.13375
1,40,20,999
1,40,3,999
1,40,43,999
1,40,13,999
1,40,29,999
1,40,16,4.742
1,40,28,999
1,40,47,7.232483
1,40,35,999
1,40,56,17.97054
1,40,18,11.18626
1,40,33,999
1,40,27,999
1,40,10,13.161945
1,55,46,16.048413
1,55,12,8.434853
1,55,1,12.874903
1,55,9,9.434853
1,55,49,47.376783
1,55,26,17.418483
1,55,6,9.934853
1,55,57,999
1,55,37,18.9895515
1,55,22,999
1,55,44,999
1,55,25,16.418483
1,55,42,18.918483
1,55,30,23.252293
1,55,23,999
1,55,21,20.850863
1,55,50,999
1,55,14,8.434853
1,55,38,18.918483
1,55,32,24.252293
1,55,51,20.413043
1,55,24,30.426053
1,55,39,999
1,55,40,18.165923
1,55,55,0.0
1,55,54,19.527893
1,55,41,1.358593
1,55,20,999
1,55,3,999
1,55,43,999
1,55,13,999
1,55,29,999
1,55,16,19.413043
1,55,28,999
1,55,47,16.163386
1,55,35,999
1,55,56,0.195383
1,55,18,25.857303
1,55,33,999
1,55,27,999
1,55,10,10.865728
1,54,46,6.47948
1,54,12,12.09304
1,54,1,13.53309
1,54,9,13.09304
1,54,49,29.06771
1,54,26,2.10941
1,54,6,13.5025561475
1,54,57,999
1,54,37,1.6804785
1,54,22,999
1,54,44,999
1,54,25,3.10941
1,54,42,0.60941
1,54,30,5.94322
1,54,23,999
1,54,21,3.55267
1,54,50,999
1,54,14,11.09304
1,54,38,1.60941
1,54,32,6.94322
1,54,51,1.11485
1,54,24,33.9937561475
1,54,39,999
1,54,40,4.85685
1,54,55,19.527893
1,54,54,0.0
1,54,41,20.49572
1,54,20,999
1,54,3,999
1,54,43,999
1,54,13,999
1,54,29,999
1,54,16,0.11485
1,54,28,999
1,54,47,6.594453
1,54,35,999
1,54,56,19.33251
1,54,18,7.55911
1,54,33,999
1,54,27,999
1,54,10,14.4334311475
1,41,46,17.01624
1,41,12,9.40268
1,41,1,13.84273
1,41,9,10.40268
1,41,49,48.34461
1,41,26,18.38631
1,41,6,10.90268
1,41,57,999
1,41,37,19.9573785
1,41,22,999
1,41,44,999
1,41,25,17.38631
1,41,42,19.88631
1,41,30,24.22012
1,41,23,999
1,41,21,21.81869
1,41,50,999
1,41,14,9.40268
1,41,38,19.88631
1,41,32,25.22012
1,41,51,21.38087
1,41,24,31.39388
1,41,39,999
1,41,40,19.13375
1,41,55,1.358593
1,41,54,20.49572
1,41,41,0.0
1,41,20,999
1,41,3,999
1,41,43,999
1,41,13,999
1,41,29,999
1,41,16,20.38087
1,41,28,999
1,41,47,17.131213
1,41,35,999
1,41,56,1.16321
1,41,18,26.82513
1,41,33,999
1,41,27,999
1,41,10,11.833555
1,20,46,999
1,20,12,999
1,20,1,999
1,20,9,999
1,20,49,999
1,20,26,999
1,20,6,999
1,20,57,999
1,20,37,999
1,20,22,999
1,20,44,999
1,20,25,999
1,20,42,999
1,20,30,999
1,20,23,999
1,20,21,999
1,20,50,999
1,20,14,999
1,20,38,999
1,20,32,999
1,20,51,999
1,20,24,999
1,20,39,999
1,20,40,999
1,20,55,999
1,20,54,999
1,20,41,999
1,20,20,0.0
1,20,3,999
1,20,43,999
1,20,13,999
1,20,29,999
1,20,16,999
1,20,28,999
1,20,47,999
1,20,35,999
1,20,56,999
1,20,18,999
1,20,33,999
1,20,27,999
1,20,10,999
1,3,46,999
1,3,12,999
1,3,1,999
1,3,9,999
1,3,49,999
1,3,26,999
1,3,6,999
1,3,57,999
1,3,37,999
1,3,22,999
1,3,44,999
1,3,25,999
1,3,42,999
1,3,30,999
1,3,23,999
1,3,21,999
1,3,50,999
1,3,14,999
1,3,38,999
1,3,32,999
1,3,51,999
1,3,24,999
1,3,39,999
1,3,40,999
1,3,55,999
1,3,54,999
1,3,41,999
1,3,20,999
1,3,3,0.0
1,3,43,999
1,3,13,999
1,3,29,999
1,3,16,999
1,3,28,999
1,3,47,999
1,3,35,999
1,3,56,999
1,3,18,999
1,3,33,999
1,3,27,999
1,3,10,999
1,43,46,999
1,43,12,999
1,43,1,999
1,43,9,999
1,43,49,999
1,43,26,999
1,43,6,999
1,43,57,999
1,43,37,999
1,43,22,999
1,43,44,999
1,43,25,999
1,43,42,999
1,43,30,999
1,43,23,999
1,43,21,999
1,43,50,999
1,43,14,999
1,43,38,999
1,43,32,999
1,43,51,999
1,43,24,999
1,43,39,999
1,43,40,999
1,43,55,999
1,43,54,999
1,43,41,999
1,43,20,999
1,43,3,999
1,43,43,0.0
1,43,13,999
1,43,29,999
1,43,16,999
1,43,28,999
1,43,47,999
1,43,35,999
1,43,56,999
1,43,18,999
1,43,33,999
1,43,27,999
1,43,10,999
1,13,46,999
1,13,12,999
1,13,1,999
1,13,9,999
1,13,49,999
1,13,26,999
1,13,6,999
1,13,57,999
1,13,37,999
1,13,22,999
1,13,44,999
1,13,25,999
1,13,42,999
1,13,30,999
1,13,23,999
1,13,21,999
1,13,50,999
1,13,14,999
1,13,38,999
1,13,32,999
1,13,51,999
1,13,24,999
1,13,39,999
1,13,40,999
1,13,55,999
1,13,54,999
1,13,41,999
1,13,20,999
1,13,3,999
1,13,43,999
1,13,13,0.0
1,13,29,999
1,13,16,999
1,13,28,999
1,13,47,999
1,13,35,999
1,13,56,999
1,13,18,999
1,13,33,999
1,13,27,999
1,13,10,999
1,29,46,999
1,29,12,999
1,29,1,999
1,29,9,999
1,29,49,999
1,29,26,999
1,29,6,999
1,29,57,999
1,29,37,999
1,29,22,999
1,29,44,999
1,29,25,999
1,29,42,999
1,29,30,999
1,29,23,999
1,29,21,999
1,29,50,999
1,29,14,999
1,29,38,999
1,29,32,999
1,29,51,999
1,29,24,999
1,29,39,999
1,29,40,999
1,29,55,999
1,29,54,999
1,29,41,999
1,29,20,999
1,29,3,999
1,29,43,999
1,29,13,999
1,29,29,0.0
1,29,16,999
1,29,28,999
1,29,47,999
1,29,35,999
1,29,56,999
1,29,18,999
1,29,33,999
1,29,27,999
1,29,10,999
1,16,46,6.36463
1,16,12,11.97819
1,16,1,13.41824
1,16,9,12.97819
1,16,49,28.95286
1,16,26,1.99456
1,16,6,13.3877061475
1,16,57,999
1,16,37,1.5656285
1,16,22,999
1,16,44,999
1,16,25,2.99456
1,16,42,0.49456
1,16,30,5.82837
1,16,23,999
1,16,21,3.43782
1,16,50,999
1,16,14,10.97819
1,16,38,1.49456
1,16,32,6.82837
1,16,51,1.0
1,16,24,33.8789061475
1,16,39,999
1,16,40,4.742
1,16,55,19.413043
1,16,54,0.11485
1,16,41,20.38087
1,16,20,999
1,16,3,999
1,16,43,999
1,16,13,999
1,16,29,999
1,16,16,0.0
1,16,28,999
1,16,47,6.479603
1,16,35,999
1,16,56,19.21766
1,16,18,7.44426
1,16,33,999
1,16,27,999
1,16,10,14.3185811475
1,28,46,999
1,28,12,999
1,28,1,999
1,28,9,999
1,28,49,999
1,28,26,999
1,28,6,999
1,28,57,999
1,28,37,999
1,28,22,999
1,28,44,999
1,28,25,999
1,28,42,999
1,28,30,999
1,28,23,999
1,28,21,999
1,28,50,999
1,28,14,999
1,28,38,999
1,28,32,999
1,28,51,999
1,28,24,999
1,28,39,999
1,28,40,999
1,28,55,999
1,28,54,999
1,28,41,999
1,28,20,999
1,28,3,999
1,28,43,999
1,28,13,999
1,28,29,999
1,28,16,999
1,28,28,0.0
1,28,47,999
1,28,35,999
1,28,56,999
1,28,18,999
1,28,33,999
1,28,27,999
1,28,10,999
1,47,46,0.114973
1,47,12,8.6380491475
1,47,1,7.168583
1,47,9,9.6380491475
1,47,49,34.443343
1,47,26,4.485043
1,47,6,7.1380491475
1,47,57,999
1,47,37,7.0561115
1,47,22,999
1,47,44,999
1,47,25,5.485043
1,47,42,5.985043
1,47,30,11.318853
1,47,23,999
1,47,21,5.917423
1,47,50,999
1,47,14,7.728533
1,47,38,6.985043
1,47,32,12.318853
1,47,51,7.479603
1,47,24,27.6292491475
1,47,39,999
1,47,40,7.232483
1,47,55,16.163386
1,47,54,6.594453
1,47,41,17.131213
1,47,20,999
1,47,3,999
1,47,43,999
1,47,13,999
1,47,29,999
1,47,16,6.479603
1,47,28,999
1,47,47,0.0
1,47,35,999
1,47,56,15.968003
1,47,18,10.923863
1,47,33,999
1,47,27,999
1,47,10,8.0689241475
1,35,46,999
1,35,12,999
1,35,1,999
1,35,9,999
1,35,49,999
1,35,26,999
1,35,6,999
1,35,57,999
1,35,37,999
1,35,22,999
1,35,44,999
1,35,25,999
1,35,42,999
1,35,30,999
1,35,23,999
1,35,21,999
1,35,50,999
1,35,14,999
1,35,38,999
1,35,32,999
1,35,51,999
1,35,24,999
1,35,39,999
1,35,40,999
1,35,55,999
1,35,54,999
1,35,41,999
1,35,20,999
1,35,3,999
1,35,43,999
1,35,13,999
1,35,29,999
1,35,16,999
1,35,28,999
1,35,47,999
1,35,35,0.0
1,35,56,999
1,35,18,999
1,35,33,999
1,35,27,999
1,35,10,999
1,56,46,15.85303
1,56,12,8.23947
1,56,1,12.67952
1,56,9,9.23947
1,56,49,47.1814
1,56,26,17.2231
1,56,6,9.73947
1,56,57,999
1,56,37,18.7941685
1,56,22,999
1,56,44,999
1,56,25,16.2231
1,56,42,18.7231
1,56,30,23.05691
1,56,23,999
1,56,21,20.65548
1,56,50,999
1,56,14,8.23947
1,56,38,18.7231
1,56,32,24.05691
1,56,51,20.21766
1,56,24,30.23067
1,56,39,999
1,56,40,17.97054
1,56,55,0.195383
1,56,54,19.33251
1,56,41,1.16321
1,56,20,999
1,56,3,999
1,56,43,999
1,56,13,999
1,56,29,999
1,56,16,19.21766
1,56,28,999
1,56,47,15.968003
1,56,35,999
1,56,56,0.0
1,56,18,25.66192
1,56,33,999
1,56,27,999
1,56,10,10.670345
1,18,46,10.80889
1,18,12,18.42245
1,18,1,17.8625
1,18,9,19.42245
1,18,49,36.39712
1,18,26,8.43882
1,18,6,17.8319661475
1,18,57,999
1,18,37,9.0098885
1,18,22,999
1,18,44,999
1,18,25,9.43882
1,18,42,7.93882
1,18,30,13.27263
1,18,23,999
1,18,21,5.00644
1,18,50,999
1,18,14,17.42245
1,18,38,8.93882
1,18,32,14.27263
1,18,51,8.44426
1,18,24,38.3231661475
1,18,39,999
1,18,40,11.18626
1,18,55,25.857303
1,18,54,7.55911
1,18,41,26.82513
1,18,20,999
1,18,3,999
1,18,43,999
1,18,13,999
1,18,29,999
1,18,16,7.44426
1,18,28,999
1,18,47,10.923863
1,18,35,999
1,18,56,25.66192
1,18,18,0.0
1,18,33,999
1,18,27,999
1,18,10,18.7628411475
1,33,46,999
1,33,12,999
1,33,1,999
1,33,9,999
1,33,49,999
1,33,26,999
1,33,6,999
1,33,57,999
1,33,37,999
1,33,22,999
1,33,44,999
1,33,25,999
1,33,42,999
1,33,30,999
1,33,23,999
1,33,21,999
1,33,50,999
1,33,14,999
1,33,38,999
1,33,32,999
1,33,51,999
1,33,24,999
1,33,39,999
1,33,40,999
1,33,55,999
1,33,54,999
1,33,41,999
1,33,20,999
1,33,3,999
1,33,43,999
1,33,13,999
1,33,29,999
1,33,16,999
1,33,28,999
1,33,47,999
1,33,35,999
1,33,56,999
1,33,18,999
1,33,33,0.0
1,33,27,999
1,33,10,999
1,27,46,999
1,27,12,999
1,27,1,999
1,27,9,999
1,27,49,999
1,27,26,999
1,27,6,999
1,27,57,999
1,27,37,999
1,27,22,999
1,27,44,999
1,27,25,999
1,27,42,999
1,27,30,999
1,27,23,999
1,27,21,999
1,27,50,999
1,27,14,999
1,27,38,999
1,27,32,999
1,27,51,999
1,27,24,999
1,27,39,999
1,27,40,999
1,27,55,999
1,27,54,999
1,27,41,999
1,27,20,999
1,27,3,999
1,27,43,999
1,27,13,999
1,27,29,999
1,27,16,999
1,27,28,999
1,27,47,999
1,27,35,999
1,27,56,999
1,27,18,999
1,27,33,999
1,27,27,0.0
1,27,10,999
1,10,46,7.9539511475
1,10,12,2.430875
1,10,1,3.870925
1,10,9,3.430875
1,10,49,42.2823211475
1,10,26,12.3240211475
1,10,6,0.930875
1,10,57,999
1,10,37,13.9855735
1,10,22,999
1,10,44,999
1,10,25,11.414505
1,10,42,13.8240211475
1,10,30,18.248315
1,10,23,999
1,10,21,13.7564011475
1,10,50,999
1,10,14,3.430875
1,10,38,13.914505
1,10,32,19.248315
1,10,51,15.3185811475
1,10,24,21.422075
1,10,39,999
1,10,40,13.161945
1,10,55,10.865728
1,10,54,14.4334311475
1,10,41,11.833555
1,10,20,999
1,10,3,999
1,10,43,999
1,10,13,999
1,10,29,999
1,10,16,14.3185811475
1,10,28,999
1,10,47,8.0689241475
1,10,35,999
1,10,56,10.670345
1,10,18,18.7628411475
1,10,33,999
1,10,27,999
1,10,10,0.0
3,59,59,0.0
3,59,58,0.0209668
3,58,59,0.0209668
3,58,58,0.0
174,95,95,0.0
174,95,64,32.48484
174,95,80,32.84984
174,95,98,32.57834
174,95,91,999
174,95,103,999
174,95,61,999
174,95,73,6.68838
174,95,96,3.06114
174,95,86,5.72486
174,95,115,31.69301
174,95,90,1.16364
174,95,102,999
174,95,118,999
174,95,72,999
174,95,70,999
174,95,71,999
174,95,92,999
174,95,109,999
174,95,85,38.16731
174,95,110,12.16247
174,95,74,999
174,95,99,32.42549
174,95,101,999
174,95,65,20.45486
174,95,76,9.06857
174,95,94,3.1322085
174,95,107,34.08964
174,95,117,6.913696
174,95,100,999
174,95,66,20.87636
174,95,77,35.01137
174,95,69,999
174,95,67,21.37636
174,64,95,32.48484
174,64,64,0.0
174,64,80,4.94866
174,64,98,3.67716
174,64,91,999
174,64,103,999
174,64,61,999
174,64,73,33.05094
174,64,96,29.4237
174,64,86,35.4147
174,64,115,1.79183
174,64,90,31.3212
174,64,102,999
174,64,118,999
174,64,72,999
174,64,70,999
174,64,71,999
174,64,92,999
174,64,109,999
174,64,85,9.26613
174,64,110,40.4246
174,64,74,999
174,64,99,3.8304
174,64,101,999
174,64,65,49.1447
174,64,76,35.43113
174,64,94,29.4947685
174,64,107,5.49455
174,64,117,33.276256
174,64,100,999
174,64,66,49.5662
174,64,77,6.11019
174,64,69,999
174,64,67,50.0662
174,80,95,32.84984
174,80,64,4.94866
174,80,80,0.0
174,80,98,5.04216
174,80,91,999
174,80,103,999
174,80,61,999
174,80,73,33.41594
174,80,96,29.7887
174,80,86,35.7797
174,80,115,3.15683
174,80,90,31.6862
174,80,102,999
174,80,118,999
174,80,72,999
174,80,70,999
174,80,71,999
174,80,92,999
174,80,109,999
174,80,85,10.63113
174,80,110,40.7896
174,80,74,999
174,80,99,5.1954
174,80,101,999
174,80,65,49.5097
174,80,76,35.79613
174,80,94,29.8597685
174,80,107,6.85955
174,80,117,33.641256
174,80,100,999
174,80,66,49.9312
174,80,77,2.16153
174,80,69,999
174,80,67,50.4312
174,98,95,32.57834
174,98,64,3.67716
174,98,80,5.04216
174,98,98,0.0
174,98,91,999
174,98,103,999
174,98,61,999
174,98,73,33.14444
174,98,96,29.5172
174,98,86,35.5082
174,98,115,1.88533
174,98,90,31.4147
174,98,102,999
174,98,118,999
174,98,72,999
174,98,70,999
174,98,71,999
174,98,92,999
174,98,109,999
174,98,85,5.58897
174,98,110,40.5181
174,98,74,999
174,98,99,3.9239
174,98,101,999
174,98,65,49.2382
174,98,76,35.52463
174,98,94,29.5882685
174,98,107,5.58805
174,98,117,33.369756
174,98,100,999
174,98,66,49.6597
174,98,77,3.43303
174,98,69,999
174,98,67,50.1597
174,91,95,999
174,91,64,999
174,91,80,999
174,91,98,999
174,91,91,0.0
174,91,103,999
174,91,61,999
174,91,73,999
174,91,96,999
174,91,86,999
174,91,115,999
174,91,90,999
174,91,102,999
174,91,118,999
174,91,72,999
174,91,70,999
174,91,71,999
174,91,92,999
174,91,109,999
174,91,85,999
174,91,110,999
174,91,74,999
174,91,99,999
174,91,101,999
174,91,65,999
174,91,76,999
174,91,94,999
174,91,107,999
174,91,117,999
174,91,100,999
174,91,66,999
174,91,77,999
174,91,69,999
174,91,67,999
174,103,95,999
174,103,64,999
174,103,80,999
174,103,98,999
174,103,91,999
174,103,103,0.0
174,103,61,999
174,103,73,999
174,103,96,999
174,103,86,999
174,103,115,999
174,103,90,999
174,103,102,999
174,103,118,999
174,103,72,999
174,103,70,999
174,103,71,999
174,103,92,999
174,103,109,999
174,103,85,999
174,103,110,999
174,103,74,999
174,103,99,999
174,103,101,999
174,103,65,999
174,103,76,999
174,103,94,999
174,103,107,999
174,103,117,999
174,103,100,999
174,103,66,999
174,103,77,999
174,103,69,999
174,103,67,999
174,61,95,999
174,61,64,999
174,61,80,999
174,61,98,999
174,61,91,999
174,61,103,999
174,61,61,0.0
174,61,73,999
174,61,96,999
174,61,86,999
174,61,115,999
174,61,90,999
174,61,102,999
174,61,118,999
174,61,72,999
174,61,70,999
174,61,71,999
174,61,92,999
174,61,109,999
174,61,85,999
174,61,110,999
174,61,74,999
174,61,99,999
174,61,101,999
174,61,65,999
174,61,76,999
174,61,94,999
174,61,107,999
174,61,117,999
174,61,100,999
174,61,66,999
174,61,77,999
174,61,69,999
174,61,67,999
174,73,95,6.68838
174,73,64,33.05094
174,73,80,33.41594
174,73,98,33.14444
174,73,91,999
174,73,103,999
174,73,61,999
174,73,73,0.0
174,73,96,3.62724
174,73,86,4.7927
174,73,115,32.25911
174,73,90,5.52474
174,73,102,999
174,73,118,999
174,73,72,999
174,73,70,999
174,73,71,999
174,73,92,999
174,73,109,999
174,73,85,38.73341
174,73,110,9.49836
174,73,74,999
174,73,99,32.99159
174,73,101,999
174,73,65,18.5227
174,73,76,4.38019
174,73,94,3.6983085
174,73,107,34.65574
174,73,117,0.225316
174,73,100,999
174,73,66,18.9442
174,73,77,35.57747
174,73,69,999
174,73,67,19.4442
174,96,95,3.06114
174,96,64,29.4237
174,96,80,29.7887
174,96,98,29.5172
174,96,91,999
174,96,103,999
174,96,61,999
174,96,73,3.62724
174,96,96,0.0
174,96,86,5.991
174,96,115,28.63187
174,96,90,1.8975
174,96,102,999
174,96,118,999
174,96,72,999
174,96,70,999
174,96,71,999
174,96,92,999
174,96,109,999
174,96,85,35.10617
174,96,110,11.0009
174,96,74,999
174,96,99,29.36435
174,96,101,999
174,96,65,19.721
174,96,76,6.00743
174,96,94,0.0710685
174,96,107,31.0285
174,96,117,3.852556
174,96,100,999
174,96,66,20.1425
174,96,77,31.95023
174,96,69,999
174,96,67,20.6425
174,86,95,5.72486
174,86,64,35.4147
174,86,80,35.7797
174,86,98,35.5082
174,86,91,999
174,86,103,999
174,86,61,999
174,86,73,4.7927
174,86,96,5.991
174,86,86,0.0
174,86,115,34.62287
174,86,90,6.8885
174,86,102,999
174,86,118,999
174,86,72,999
174,86,70,999
174,86,71,999
174,86,92,999
174,86,109,999
174,86,85,41.09717
174,86,110,6.43761
174,86,74,999
174,86,99,35.35535
174,86,101,999
174,86,65,14.73
174,86,76,4.71811
174,86,94,6.0620685
174,86,107,37.0195
174,86,117,5.018016
174,86,100,999
174,86,66,15.1515
174,86,77,37.94123
174,86,69,999
174,86,67,15.6515
174,115,95,31.69301
174,115,64,1.79183
174,115,80,3.15683
174,115,98,1.88533
174,115,91,999
174,115,103,999
174,115,61,999
174,115,73,32.25911
174,115,96,28.63187
174,115,86,34.62287
174,115,115,0.0
174,115,90,30.52937
174,115,102,999
174,115,118,999
174,115,72,999
174,115,70,999
174,115,71,999
174,115,92,999
174,115,109,999
174,115,85,7.4743
174,115,110,39.63277
174,115,74,999
174,115,99,2.03857
174,115,101,999
174,115,65,48.35287
174,115,76,34.6393
174,115,94,28.7029385
174,115,107,3.70272
174,115,117,32.484426
174,115,100,999
174,115,66,48.77437
174,115,77,4.31836
174,115,69,999
174,115,67,49.27437
174,90,95,1.16364
174,90,64,31.3212
174,90,80,31.6862
174,90,98,31.4147
174,90,91,999
174,90,103,999
174,90,61,999
174,90,73,5.52474
174,90,96,1.8975
174,90,86,6.8885
174,90,115,30.52937
174,90,90,0.0
174,90,102,999
174,90,118,999
174,90,72,999
174,90,70,999
174,90,71,999
174,90,92,999
174,90,109,999
174,90,85,37.00367
174,90,110,11.8984
174,90,74,999
174,90,99,31.26185
174,90,101,999
174,90,65,21.6185
174,90,76,7.90493
174,90,94,1.9685685
174,90,107,32.926
174,90,117,5.750056
174,90,100,999
174,90,66,22.04
174,90,77,33.84773
174,90,69,999
174,90,67,21.54
174,102,95,999
174,102,64,999
174,102,80,999
174,102,98,999
174,102,91,999
174,102,103,999
174,102,61,999
174,102,73,999
174,102,96,999
174,102,86,999
174,102,115,999
174,102,90,999
174,102,102,0.0
174,102,118,999
174,102,72,999
174,102,70,999
174,102,71,999
174,102,92,999
174,102,109,999
174,102,85,999
174,102,110,999
174,102,74,999
174,102,99,999
174,102,101,999
174,102,65,999
174,102,76,999
174,102,94,999
174,102,107,999
174,102,117,999
174,102,100,999
174,102,66,999
174,102,77,999
174,102,69,999
174,102,67,999
174,118,95,999
174,118,64,999
174,118,80,999
174,118,98,999
174,118,91,999
174,118,103,999
174,118,61,999
174,118,73,999
174,118,96,999
174,118,86,999
174,118,115,999
174,118,90,999
174,118,102,999
174,118,118,0.0
174,118,72,999
174,118,70,999
174,118,71,999
174,118,92,999
174,118,109,999
174,118,85,999
174,118,110,999
174,118,74,999
174,118,99,999
174,118,101,999
174,118,65,999
174,118,76,999
174,118,94,999
174,118,107,999
174,118,117,999
174,118,100,999
174,118,66,999
174,118,77,999
174,118,69,999
174,118,67,999
174,72,95,999
174,72,64,999
174,72,80,999
174,72,98,999
174,72,91,999
174,72,103,999
174,72,61,999
174,72,73,999
174,72,96,999
174,72,86,999
174,72,115,999
174,72,90,999
174,72,102,999
174,72,118,999
174,72,72,0.0
174,72,70,999
174,72,71,999
174,72,92,999
174,72,109,999
174,72,85,999
174,72,110,999
174,72,74,999
174,72,99,999
174,72,101,999
174,72,65,999
174,72,76,999
174,72,94,999
174,72,107,999
174,72,117,999
174,72,100,999
174,72,66,999
174,72,77,999
174,72,69,999
174,72,67,999
174,70,95,999
174,70,64,999
174,70,80,999
174,70,98,999
174,70,91,999
174,70,103,999
174,70,61,999
174,70,73,999
174,70,96,999
174,70,86,999
174,70,115,999
174,70,90,999
174,70,102,999
174,70,118,999
174,70,72,999
174,70,70,0.0
174,70,71,999
174,70,92,999
174,70,109,999
174,70,85,999
174,70,110,999
174,70,74,999
174,70,99,999
174,70,101,999
174,70,65,999
174,70,76,999
174,70,94,999
174,70,107,999
174,70,117,999
174,70,100,999
174,70,66,999
174,70,77,999
174,70,69,999
174,70,67,999
174,71,95,999
174,71,64,999
174,71,80,999
174,71,98,999
174,71,91,999
174,71,103,999
174,71,61,999
174,71,73,999
174,71,96,999
174,71,86,999
174,71,115,999
174,71,90,999
174,71,102,999
174,71,118,999
174,71,72,999
174,71,70,999
174,71,71,0.0
174,71,92,999
174,71,109,999
174,71,85,999
174,71,110,999
174,71,74,999
174,71,99,999
174,71,101,999
174,71,65,999
174,71,76,999
174,71,94,999
174,71,107,999
174,71,117,999
174,71,100,999
174,71,66,999
174,71,77,999
174,71,69,999
174,71,67,999
174,92,95,999
174,92,64,999
174,92,80,999
174,92,98,999
174,92,91,999
174,92,103,999
174,92,61,999
174,92,73,999
174,92,96,999
174,92,86,999
174,92,115,999
174,92,90,999
174,92,102,999
174,92,118,999
174,92,72,999
174,92,70,999
174,92,71,999
174,92,92,0.0
174,92,109,999
174,92,85,999
174,92,110,999
174,92,74,999
174,92,99,999
174,92,101,999
174,92,65,999
174,92,76,999
174,92,94,999
174,92,107,999
174,92,117,999
174,92,100,999
174,92,66,999
174,92,77,999
174,92,69,999
174,92,67,999
174,109,95,999
174,109,64,999
174,109,80,999
174,109,98,999
174,109,91,999
174,109,103,999
174,109,61,999
174,109,73,999
174,109,96,999
174,109,86,999
174,109,115,999
174,109,90,999
174,109,102,999
174,109,118,999
174,109,72,999
174,109,70,999
174,109,71,999
174,109,92,999
174,109,109,0.0
174,109,85,999
174,109,110,999
174,109,74,999
174,109,99,999
174,109,101,999
174,109,65,999
174,109,76,999
174,109,94,999
174,109,107,999
174,109,117,999
174,109,100,999
174,109,66,999
174,109,77,999
174,109,69,999
174,109,67,999
174,85,95,38.16731
174,85,64,9.26613
174,85,80,10.63113
174,85,98,5.58897
174,85,91,999
174,85,103,999
174,85,61,999
174,85,73,38.73341
174,85,96,35.10617
174,85,86,41.09717
174,85,115,7.4743
174,85,90,37.00367
174,85,102,999
174,85,118,999
174,85,72,999
174,85,70,999
174,85,71,999
174,85,92,999
174,85,109,999
174,85,85,0.0
174,85,110,46.10707
174,85,74,999
174,85,99,9.51287
174,85,101,999
174,85,65,54.82717
174,85,76,41.1136
174,85,94,35.1772385
174,85,107,11.17702
174,85,117,38.958726
174,85,100,999
174,85,66,55.24867
174,85,77,9.022
174,85,69,999
174,85,67,55.74867
174,110,95,12.16247
174,110,64,40.4246
174,110,80,40.7896
174,110,98,40.5181
174,110,91,999
174,110,103,999
174,110,61,999
174,110,73,9.49836
174,110,96,11.0009
174,110,86,6.43761
174,110,115,39.63277
174,110,90,11.8984
174,110,102,999
174,110,118,999
174,110,72,999
174,110,70,999
174,110,71,999
174,110,92,999
174,110,109,999
174,110,85,46.10707
174,110,110,0.0
174,110,74,999
174,110,99,40.36525
174,110,101,999
174,110,65,10.21604
174,110,76,6.37966
174,110,94,11.0719685
174,110,107,42.0294
174,110,117,9.723676
174,110,100,999
174,110,66,11.9855
174,110,77,42.95113
174,110,69,999
174,110,67,12.4855
174,74,95,999
174,74,64,999
174,74,80,999
174,74,98,999
174,74,91,999
174,74,103,999
174,74,61,999
174,74,73,999
174,74,96,999
174,74,86,999
174,74,115,999
174,74,90,999
174,74,102,999
174,74,118,999
174,74,72,999
174,74,70,999
174,74,71,999
174,74,92,999
174,74,109,999
174,74,85,999
174,74,110,999
174,74,74,0.0
174,74,99,999
174,74,101,999
174,74,65,999
174,74,76,999
174,74,94,999
174,74,107,999
174,74,117,999
174,74,100,999
174,74,66,999
174,74,77,999
174,74,69,999
174,74,67,999
174,99,95,32.42549
174,99,64,3.8304
174,99,80,5.1954
174,99,98,3.9239
174,99,91,999
174,99,103,999
174,99,61,999
174,99,73,32.99159
174,99,96,29.36435
174,99,86,35.35535
174,99,115,2.03857
174,99,90,31.26185
174,99,102,999
174,99,118,999
174,99,72,999
174,99,70,999
174,99,71,999
174,99,92,999
174,99,109,999
174,99,85,9.51287
174,99,110,40.36525
174,99,74,999
174,99,99,0.0
174,99,101,999
174,99,65,49.08535
174,99,76,35.37178
174,99,94,29.4354185
174,99,107,3.92385
174,99,117,33.216906
174,99,100,999
174,99,66,49.50685
174,99,77,6.35693
174,99,69,999
174,99,67,50.00685
174,101,95,999
174,101,64,999
174,101,80,999
174,101,98,999
174,101,91,999
174,101,103,999
174,101,61,999
174,101,73,999
174,101,96,999
174,101,86,999
174,101,115,999
174,101,90,999
174,101,102,999
174,101,118,999
174,101,72,999
174,101,70,999
174,101,71,999
174,101,92,999
174,101,109,999
174,101,85,999
174,101,110,999
174,101,74,999
174,101,99,999
174,101,101,0.0
174,101,65,999
174,101,76,999
174,101,94,999
174,101,107,999
174,101,117,999
174,101,100,999
174,101,66,999
174,101,77,999
174,101,69,999
174,101,67,999
174,65,95,20.45486
174,65,64,49.1447
174,65,80,49.5097
174,65,98,49.2382
174,65,91,999
174,65,103,999
174,65,61,999
174,65,73,18.5227
174,65,96,19.721
174,65,86,14.73
174,65,115,48.35287
174,65,90,21.6185
174,65,102,999
174,65,118,999
174,65,72,999
174,65,70,999
174,65,71,999
174,65,92,999
174,65,109,999
174,65,85,54.82717
174,65,110,10.21604
174,65,74,999
174,65,99,49.08535
174,65,101,999
174,65,65,0.0
174,65,76,15.5957
174,65,94,19.7920685
174,65,107,50.7495
174,65,117,18.748016
174,65,100,999
174,65,66,2.76946
174,65,77,51.67123
174,65,69,999
174,65,67,3.26946
174,76,95,9.06857
174,76,64,35.43113
174,76,80,35.79613
174,76,98,35.52463
174,76,91,999
174,76,103,999
174,76,61,999
174,76,73,4.38019
174,76,96,6.00743
174,76,86,4.71811
174,76,115,34.6393
174,76,90,7.90493
174,76,102,999
174,76,118,999
174,76,72,999
174,76,70,999
174,76,71,999
174,76,92,999
174,76,109,999
174,76,85,41.1136
174,76,110,6.37966
174,76,74,999
174,76,99,35.37178
174,76,101,999
174,76,65,15.5957
174,76,76,0.0
174,76,94,6.0784985
174,76,107,37.03593
174,76,117,4.605506
174,76,100,999
174,76,66,17.2178
174,76,77,37.95766
174,76,69,999
174,76,67,17.7178
174,94,95,3.1322085
174,94,64,29.4947685
174,94,80,29.8597685
174,94,98,29.5882685
174,94,91,999
174,94,103,999
174,94,61,999
174,94,73,3.6983085
174,94,96,0.0710685
174,94,86,6.0620685
174,94,115,28.7029385
174,94,90,1.9685685
174,94,102,999
174,94,118,999
174,94,72,999
174,94,70,999
174,94,71,999
174,94,92,999
174,94,109,999
174,94,85,35.1772385
174,94,110,11.0719685
174,94,74,999
174,94,99,29.4354185
174,94,101,999
174,94,65,19.7920685
174,94,76,6.0784985
174,94,94,0.0
174,94,107,31.0995685
174,94,117,3.9236245
174,94,100,999
174,94,66,20.2135685
174,94,77,32.0212985
174,94,69,999
174,94,67,20.7135685
174,107,95,34.08964
174,107,64,5.49455
174,107,80,6.85955
174,107,98,5.58805
174,107,91,999
174,107,103,999
174,107,61,999
174,107,73,34.65574
174,107,96,31.0285
174,107,86,37.0195
174,107,115,3.70272
174,107,90,32.926
174,107,102,999
174,107,118,999
174,107,72,999
174,107,70,999
174,107,71,999
174,107,92,999
174,107,109,999
174,107,85,11.17702
174,107,110,42.0294
174,107,74,999
174,107,99,3.92385
174,107,101,999
174,107,65,50.7495
174,107,76,37.03593
174,107,94,31.0995685
174,107,107,0.0
174,107,117,34.881056
174,107,100,999
174,107,66,51.171
174,107,77,8.02108
174,107,69,999
174,107,67,51.671
174,117,95,6.913696
174,117,64,33.276256
174,117,80,33.641256
174,117,98,33.369756
174,117,91,999
174,117,103,999
174,117,61,999
174,117,73,0.225316
174,117,96,3.852556
174,117,86,5.018016
174,117,115,32.484426
174,117,90,5.750056
174,117,102,999
174,117,118,999
174,117,72,999
174,117,70,999
174,117,71,999
174,117,92,999
174,117,109,999
174,117,85,38.958726
174,117,110,9.723676
174,117,74,999
174,117,99,33.216906
174,117,101,999
174,117,65,18.748016
174,117,76,4.605506
174,117,94,3.9236245
174,117,107,34.881056
174,117,117,0.0
174,117,100,999
174,117,66,19.169516
174,117,77,35.802786
174,117,69,999
174,117,67,19.669516
174,100,95,999
174,100,64,999
174,100,80,999
174,100,98,999
174,100,91,999
174,100,103,999
174,100,61,999
174,100,73,999
174,100,96,999
174,100,86,999
174,100,115,999
174,100,90,999
174,100,102,999
174,100,118,999
174,100,72,999
174,100,70,999
174,100,71,999
174,100,92,999
174,100,109,999
174,100,85,999
174,100,110,999
174,100,74,999
174,100,99,999
174,100,101,999
174,100,65,999
174,100,76,999
174,100,94,999
174,100,107,999
174,100,117,999
174,100,100,0.0
174,100,66,999
174,100,77,999
174,100,69,999
174,100,67,999
174,66,95,20.87636
174,66,64,49.5662
174,66,80,49.9312
174,66,98,49.6597
174,66,91,999
174,66,103,999
174,66,61,999
174,66,73,18.9442
174,66,96,20.1425
174,66,86,15.1515
174,66,115,48.77437
174,66,90,22.04
174,66,102,999
174,66,118,999
174,66,72,999
174,66,70,999
174,66,71,999
174,66,92,999
174,66,109,999
